ROI1 68,110,126,160
ROI2 140,97,217,158
ROI3 91,74,160,137
ROI4 80,80,156,139
ROI5 76,59,143,120
ROI6 211,144,274,207
ROI7 64,109,126,159
ROI8 124,115,205,176
ROI9 89,87,161,146
ROI10 38,147,115,206
ROI11 171,141,244,201
ROI12 191,44,264,102
ROI13 134,77,221,143
ROI14 126,88,205,147
ROI15 44,44,111,103
ROI16 204,94,264,148
ROI17 68,77,136,131
ROI18 177,138,240,193
ROI19 207,79,273,134
ROI20 78,114,153,158
ROI21 94,116,159,172
ROI22 124,55,206,124
ROI23 88,70,159,124
ROI24 132,111,219,171
ROI25 161,87,242,160
ROI26 168,116,243,176
ROI27 129,84,205,151
ROI28 151,91,243,152
ROI29 158,87,225,142
ROI30 139,114,227,182
ROI31 48,99,129,158
ROI32 137,0,252,98
ROI33 110,84,210,165
ROI34 97,202,0,93
ROI35 102,86,211,169
ROI36 82,90,192,175
ROI37 84,92,192,177
ROI38 105,49,206,134
ROI39 150,59,246,155
ROI40 57,1,155,99
ROI41 105,129,217,235
ROI42 102,86,206,197
ROI43 30,142,140,232
ROI44 121,98,225,203
ROI45 157,21,255,102
ROI46 81,72,178,170
ROI47 157,58,254,160
ROI48 48,112,143,193
ROI49 34,105,144,213
ROI50 199,8,303,97
ROI51 173,131,279,216
ROI52 147,85,252,188
ROI53 106,49,204,153
ROI54 53,102,146,185
ROI55 143,67,239,176
ROI56 169,130,265,210
ROI57 174,55,263,173
ROI58 92,59,193,156
ROI59 269,94,163,1
ROI60 134,46,258,161
ROI61 198,135,277,201
ROI62 190,85,280,155
ROI63 70,117,161,190
ROI64 166,132,241,195
ROI65 90,41,164,107
ROI66 226,128,302,193
ROI67 43,110,127,180
ROI68 60,167,139,231
ROI69 204,71,287,143
ROI70 83,49,172,127
ROI71 60,69,147,137
ROI72 116,137,199,220
ROI73 130,13,206,101
ROI74 47,124,128,193
ROI75 185,73,266,145
ROI76 139,109,224,175
ROI77 52,133,136,206
ROI78 177,48,265,118
ROI79 111,113,224,211
ROI80 185,128,275,198
ROI81 214,81,294,147
ROI82 196,32,275,102
ROI83 31,163,114,230
ROI84 190,85,284,152
ROI85 183,49,263,119
ROI86 83,76,173,145
ROI87 166,107,254,180
ROI88 96,105,183,173
ROI89 217,120,297,194
ROI90 75,110,163,178
