ROI1 56,109,132,163
ROI2 139,96,218,156
ROI3 83,74,162,142
ROI4 74,82,159,146
ROI5 76,61,141,126
ROI6 203,144,278,206
ROI7 64,112,129,157
ROI8 111,108,206,178
ROI9 79,85,162,144
ROI10 41,148,113,204
ROI11 164,135,245,206
ROI12 193,39,261,102
ROI13 137,77,224,144
ROI14 126,86,202,146
ROI15 45,39,109,110
ROI16 195,87,263,152
ROI17 69,74,135,130
ROI18 178,132,237,200
ROI19 205,80,280,136
ROI20 85,107,144,161
ROI21 93,111,171,169
ROI22 124,55,213,129
ROI23 88,64,156,124
ROI24 131,106,216,177
ROI25 163,83,235,158
ROI26 167,118,234,176
ROI27 132,83,203,155
ROI28 159,92,225,156
ROI29 158,88,214,143
ROI30 150,112,207,188
ROI31 67,108,128,178
ROI32 191,31,277,95
ROI33 79,115,153,199
ROI34 220,47,287,107
ROI35 28,145,111,222
ROI36 154,121,256,211
ROI37 163,170,230,224
ROI38 168,22,279,122
ROI39 144,51,208,122
ROI40 12,143,81,209
ROI41 112,47,198,127
ROI42 83,49,165,148
ROI43 102,44,176,124
ROI44 85,137,171,206
ROI45 235,113,295,168
ROI46 100,47,179,117
ROI47 94,83,171,167
ROI48 236,48,309,125
ROI49 146,71,220,177
ROI50 111,154,185,224
ROI51 48,93,130,164
ROI52 134,3,259,98
ROI53 111,88,221,175
ROI54 1,94,104,211
ROI55 109,80,197,177
ROI56 93,86,197,173
ROI57 89,93,189,174
ROI58 96,46,206,135
ROI59 142,57,255,154
ROI60 60,2,169,100
ROI61 103,128,214,230
ROI62 104,90,204,194
ROI63 28,130,150,225
ROI64 121,95,197,217
ROI65 149,20,258,102
ROI66 71,69,166,187
ROI67 151,55,259,163
ROI68 41,113,145,193
ROI69 29,106,150,205
ROI70 194,10,308,105
ROI71 171,132,281,213
ROI72 148,80,243,198
ROI73 105,41,210,173
ROI74 55,106,146,190
ROI75 126,65,232,172
ROI76 156,127,270,207
ROI77 158,42,277,192
ROI78 89,60,187,168
ROI79 166,1,269,94
ROI80 134,45,258,162
ROI81 217,117,298,223
ROI82 76,153,207,229
ROI83 2,98,70,203
ROI84 114,20,164,78
ROI85 120,78,231,182
ROI86 73,143,198,234
ROI87 76,156,183,234
ROI88 90,29,199,129
ROI89 80,59,197,149
ROI90 114,98,222,209
ROI91 83,77,172,155
ROI92 61,30,179,95
ROI93 175,0,286,52
ROI94 84,95,198,188
ROI95 172,174,297,237
ROI96 78,21,184,121
ROI97 95,5,253,94
ROI98 153,2,287,80
ROI99 89,145,212,231
ROI100 88,51,213,181
ROI101 190,132,279,197
ROI102 186,87,279,165
ROI103 74,119,157,186
ROI104 159,123,245,202
ROI105 85,42,157,116
ROI106 226,129,303,192
ROI107 47,107,130,176
ROI108 55,164,138,228
ROI109 199,74,282,137
ROI110 78,49,163,132
ROI111 59,75,155,136
ROI112 111,143,199,218
ROI113 118,25,199,102
ROI114 39,113,133,191
ROI115 177,69,269,149
ROI116 135,115,224,181
ROI117 48,130,138,194
ROI118 162,52,272,120
ROI119 105,107,232,213
ROI120 184,120,273,206
ROI121 212,88,292,150
ROI122 189,36,288,95
ROI123 38,159,111,220
ROI124 191,84,273,152
ROI125 183,50,273,124
ROI126 82,73,183,152
ROI127 156,104,258,173
ROI128 94,105,193,177
ROI129 215,120,309,197
ROI130 73,107,164,177
ROI131 204,37,315,158
ROI132 35,145,143,225
ROI133 137,120,253,235
ROI134 216,6,316,81
ROI135 100,3,197,84
ROI136 87,45,216,151
ROI137 141,127,232,195
ROI138 235,104,315,163
ROI139 167,76,275,184
ROI140 94,137,204,204
ROI141 63,92,146,148
ROI142 95,56,196,111
ROI143 27,100,168,227
ROI144 110,112,221,201
ROI145 189,2,293,71
ROI146 103,37,202,110
ROI147 130,155,233,228
ROI148 171,34,261,137
ROI149 99,71,224,198
ROI150 148,60,236,168
